"A0","B0","C0","D0","E0","F0"
"A1","B1","C1","D1","E1","F1"
"A2","B2","C2","D2","E2","F2"
"A3","B3","C3","D3","E3","F3"
"A4","B4","C4","D4","E4","F4"
"A5","B5","C5","D5","E5","F5"
